$ 1 0.000005 10.20027730826997 50 5 50 5e-11
165 192 176 240 176 6 9.963396726688995
R 256 80 256 32 0 0 40 10 0 0 0.5
w 256 80 256 144 0
w 320 208 352 208 0
w 352 208 352 80 0
w 352 80 256 80 0
r 144 272 144 192 0 10000
w 144 192 144 80 0
w 144 80 256 80 0
w 192 272 144 272 0
w 192 304 144 304 0
w 144 304 144 272 0
s 64 272 144 272 0 1 true
c 64 272 64 384 0 1e-7 9.963396726682944 0.001
g 64 384 64 416 0 0
g 288 336 288 368 0 0
r 144 304 144 384 0 10000
w 144 384 64 384 0
w 64 272 16 272 0
w 16 272 16 16 0
w 16 16 384 16 0
w 320 240 384 240 0
r 384 240 384 16 0 100000
r 384 240 464 240 0 220
162 464 240 464 336 2 default-led 1 0 0 0.01
g 464 336 464 368 0 0
